_viz_config[D1].pos=(0.24735838553211792, 0.6064773886433199)
_viz_config[D1].size=(0.053763440860215055, 0.03676470588235294)
_viz_config[D2].pos=(0.44670999839512127, 0.6026309078544729)
_viz_config[D2].size=(0.053763440860215055, 0.03676470588235294)
_viz_config[GPe].pos=(0.40721445324111083, 0.8098265895953771)
_viz_config[GPe].size=(0.053763440860215055, 0.03676470588235294)
_viz_config[GPi].pos=(0.3038309543719675, 0.8200229513770847)
_viz_config[GPi].size=(0.053763440860215055, 0.03676470588235294)
_viz_config[Q].pos=(0.29094812138676013, 0.2294797687861273)
_viz_config[Q].size=(0.053763440860215055, 0.03676470588235294)
_viz_config[SNc].pos=(0.4281828830782334, 0.3935366451506661)
_viz_config[SNc].size=(0.025009526801970234, 0.038743081982242904)
_viz_config[STN].pos=(0.35104297012793595, 0.6073954437266228)
_viz_config[STN].size=(0.053763440860215055, 0.03676470588235294)
_viz_0 = nengo_gui.components.Slider(state)
_viz_config[_viz_0].label_visible = True
_viz_config[_viz_0].width = 0.04177109440267335
_viz_config[_viz_0].x = 0.1978388235071716
_viz_config[_viz_0].y = 0.19111271676300584
_viz_config[_viz_0].max_value = 1
_viz_config[_viz_0].min_value = -1
_viz_config[_viz_0].height = 0.11560693641618497
_viz_1 = nengo_gui.components.Value(GPi)
_viz_config[_viz_1].label_visible = True
_viz_config[_viz_1].width = 0.0835421888053467
_viz_config[_viz_1].x = 0.147259158332264
_viz_config[_viz_1].y = 0.8683483509010564
_viz_config[_viz_1].max_value = 1
_viz_config[_viz_1].min_value = -1
_viz_config[_viz_1].height = 0.11560693641618497
_viz_2 = nengo_gui.components.Slider(reward)
_viz_config[_viz_2].label_visible = True
_viz_config[_viz_2].width = 0.03731343283582089
_viz_config[_viz_2].x = 0.5361558317864952
_viz_config[_viz_2].y = 0.2018777539454647
_viz_config[_viz_2].max_value = 1
_viz_config[_viz_2].min_value = -1
_viz_config[_viz_2].height = 0.11560693641618497
_viz_3 = nengo_gui.components.Value(SNc)
_viz_config[_viz_3].label_visible = True
_viz_config[_viz_3].width = 0.08347245409015025
_viz_config[_viz_3].x = 0.6768985868418053
_viz_config[_viz_3].y = 0.7397941779999615
_viz_config[_viz_3].max_value = 1
_viz_config[_viz_3].min_value = -1
_viz_config[_viz_3].height = 0.11560693641618497
_viz_5 = nengo_gui.components.Value(vSTN)
_viz_config[_viz_5].label_visible = True
_viz_config[_viz_5].width = 0.08347245409015025
_viz_config[_viz_5].x = 0.6600051311711528
_viz_config[_viz_5].y = 0.46292053824677226
_viz_config[_viz_5].max_value = 1
_viz_config[_viz_5].min_value = -1
_viz_config[_viz_5].height = 0.11560693641618497
_viz_6 = nengo_gui.components.Value(Q)
_viz_config[_viz_6].label_visible = True
_viz_config[_viz_6].width = 0.08347245409015025
_viz_config[_viz_6].x = 0.060924301690192556
_viz_config[_viz_6].y = 0.20497279836790222
_viz_config[_viz_6].max_value = 1
_viz_config[_viz_6].min_value = -1
_viz_config[_viz_6].height = 0.11560693641618497
_viz_ace_editor = nengo_gui.components.AceEditor()
_viz_net_graph = nengo_gui.components.NetGraph()
_viz_sim_control = nengo_gui.components.SimControl()
_viz_config[_viz_sim_control].kept_time = 4.0
_viz_config[_viz_sim_control].shown_time = 0.5
_viz_config[bias].pos=(0.1691193961472462, 0.3674727983679016)
_viz_config[bias].size=(0.010579550304102417, 0.01496089765385926)
_viz_config[model].pos=(0.1199609720819461, -0.05317919075144507)
_viz_config[model].size=(1.0, 1.0)
_viz_config[model].expanded=True
_viz_config[model].has_layout=True
_viz_config[reward].pos=(0.4279468765626141, 0.10592399672003117)
_viz_config[reward].size=(0.011940298507462787, 0.016184971098265943)
_viz_config[state].pos=(0.29165396640373326, 0.10620962257735472)
_viz_config[state].size=(0.009176166222006635, 0.014382862971778314)
_viz_config[vSTN].pos=(0.4292912595211816, 0.22246043379799663)
_viz_config[vSTN].size=(0.02537163458820226, 0.0393040350846139)