_viz_0 = nengo_gui.components.Value(predict)
_viz_config[_viz_0].label_visible = True
_viz_config[_viz_0].width = 0.09348641049671978
_viz_config[_viz_0].x = 0.613453883244424
_viz_config[_viz_0].y = -0.0640275423641292
_viz_config[_viz_0].max_value = 2
_viz_config[_viz_0].min_value = -2
_viz_config[_viz_0].height = 0.11666666923919855
_viz_1 = nengo_gui.components.Value(cs_stim)
_viz_config[_viz_1].label_visible = True
_viz_config[_viz_1].width = 0.09621327623205993
_viz_config[_viz_1].x = 0.2800657729582283
_viz_config[_viz_1].y = -0.0801156069364173
_viz_config[_viz_1].max_value = 2
_viz_config[_viz_1].min_value = -2
_viz_config[_viz_1].height = 0.11868979319901367
_viz_2 = nengo_gui.components.Value(us_stim)
_viz_config[_viz_2].label_visible = True
_viz_config[_viz_2].width = 0.09645813899253733
_viz_config[_viz_2].x = 0.25713695407233933
_viz_config[_viz_2].y = 0.7100578034682069
_viz_config[_viz_2].max_value = 2
_viz_config[_viz_2].min_value = -2
_viz_config[_viz_2].height = 0.11868979319901367
_viz_3 = nengo_gui.components.Value(act)
_viz_config[_viz_3].label_visible = True
_viz_config[_viz_3].width = 0.09645133706467662
_viz_config[_viz_3].x = 0.7894016721918186
_viz_config[_viz_3].y = -0.06535198477940456
_viz_config[_viz_3].max_value = 2
_viz_config[_viz_3].min_value = -2
_viz_config[_viz_3].height = 0.11936416184971099
_viz_4 = nengo_gui.components.Value(error)
_viz_config[_viz_4].label_visible = True
_viz_config[_viz_4].width = 0.08706467661691543
_viz_config[_viz_4].x = 0.818190369066841
_viz_config[_viz_4].y = 0.5941304608765201
_viz_config[_viz_4].max_value = 1
_viz_config[_viz_4].min_value = -1
_viz_config[_viz_4].height = 0.1348747591522158
_viz_ace_editor = nengo_gui.components.AceEditor()
_viz_net_graph = nengo_gui.components.NetGraph()
_viz_sim_control = nengo_gui.components.SimControl()
_viz_config[_viz_sim_control].kept_time = 4.0
_viz_config[_viz_sim_control].shown_time = 0.5
_viz_config[act].pos=(0.5595378460360163, 0.4497109826589584)
_viz_config[act].size=(0.053763440860215055, 0.1)
_viz_config[cs].pos=(0.2741935483870968, 0.2)
_viz_config[cs].size=(0.053763440860215055, 0.1)
_viz_config[cs_stim].pos=(0.06989247311827958, 0.2)
_viz_config[cs_stim].size=(0.043010752688172046, 0.08)
_viz_config[error].pos=(0.81054296160828, 0.3597402574147031)
_viz_config[error].size=(0.04247327810532735, 0.06579675452154757)
_viz_config[model].pos=(0.14897375168139934, 0.2792742235037617)
_viz_config[model].size=(0.8571428571428571, 0.8571428571428571)
_viz_config[model].expanded=True
_viz_config[model].has_layout=True
_viz_config[predict].pos=(0.5627827997299232, 0.20346820809248556)
_viz_config[predict].size=(0.053763440860215055, 0.1)
_viz_config[slow].pos=(0.06622037954605324, -0.12267746549712026)
_viz_config[slow].size=(0.036007462686567134, 0.037957610789980736)
_viz_config[us].pos=(0.2779423768781933, 0.4497109826589586)
_viz_config[us].size=(0.053763440860215055, 0.1)
_viz_config[us_stim].pos=(0.07176688736382784, 0.45202312138728223)
_viz_config[us_stim].size=(0.043010752688172046, 0.08)